v/vlam korr.		Fehler			log Re			Re			Fehler
0.991590326809162	0.0357157996108388	0.405102020896561	1.49945546804487	0.0660288312427518
0.998298095562269	0.0335873403616054	0.0591457231196954	1.06092983148098	0.0457454286673215
1.01090923779551	0.0320318331045082	-0.161570003676964	0.850806969764359	0.0364221060788614
1.03281797137673	0.0348109770517473	-0.636671317353571	0.529050537662359	0.0234533910030262	
1.05446173912626	0.0321459132492422	-1.1369210255155	0.320805253936773	0.0138001919817506
1.05883653735134	0.0297816527712994	-1.77554317018667	0.169391416139719	0.00714152529911647
1.08594726538307	0.0288615597340204	-2.58590845064104	0.0753276170863987	0.00314302589948171



